Mara Templer 0574041332 12 1 57 57 51 77 69 81 59 96 59 70
Guadalupe Kiehl 0584124719 8 7 55 58 52 91 99 62 64 54 53 88
Laurice Kieger 0520269345 2 6 50 73 89 74 62 69 100 51 57 61
Bethann Frakes 0526518687 9 1 83 53 53 67 79 95 88 50 54 53
Idella Nate 0573606975 9 1 63 57 66 75 90 91 67 80 68 68
Rosenda Sita 0560544796 9 9 78 86 67 50 62 51 50 50 91 85
Cyndi Malich 0535406857 6 7 70 72 64 62 95 93 66 100 70 80
Rosena Thames 0512309315 7 10 56 96 65 57 81 66 87 100 78 66
Enola Bainum 0584272486 8 1 98 73 70 80 85 62 68 96 70 60
Julius Skiff 0548415460 3 7 75 75 69 97 66 96 53 79 58 86
Ariane Swarat 0513198728 9 5 73 60 51 79 92 99 97 63 72 53
Bettie Friedl 0588023587 9 5 52 76 61 73 83 78 82 92 86 88
Grisel Uhrin 0513414357 4 9 64 53 84 85 74 88 78 97 84 70
Lorenza Korus 0555080142 4 3 69 90 83 95 54 53 68 60 76 65
Thomasine Sittloh 0569568006 7 7 97 90 76 91 93 68 71 73 71 61
Fletcher Ruberte 0514272143 12 7 61 99 62 53 95 84 56 80 80 92
Helga Boutchyard 0513863450 11 5 72 51 97 91 77 66 53 100 83 51
Sherika Veasey 0546768930 6 9 71 50 52 96 50 100 56 59 77 97
Claudia Kolodziej 0554186859 7 2 71 64 89 83 100 73 69 54 88 96
Bernardina Belfast 0595808082 9 5 64 79 88 65 53 50 94 98 65 99
Dell Coursey 0597531393 3 5 81 58 100 60 63 57 89 52 68 71
Marcela Glover 0588074709 3 4 88 63 73 55 63 85 95 68 72 65
Ricardo Saito 0547826293 5 9 69 62 78 67 81 73 87 87 78 50
Johna Peroni 0537867548 6 4 55 95 54 91 65 78 80 77 56 71
Edmundo Yao 0599750420 9 4 51 74 73 55 76 93 68 53 84 99
Krystal Tepley 0576705516 9 7 77 85 81 98 100 55 78 55 74 85
Bertie Corsa 0591179701 3 5 58 62 82 92 71 71 80 80 88 78
Katie Aly 0591112437 2 10 89 53 99 91 58 86 88 66 51 89
Earlene Durnell 0532230997 9 6 83 71 52 82 84 99 78 83 72 84
Reed Boroughs 0521894725 3 10 60 75 58 98 75 99 51 86 73 68
Leeann Baeskens 0596957258 10 7 62 87 92 63 76 90 66 51 89 50
Michele Geissel 0575260184 8 3 75 69 50 81 87 69 50 99 96 57
Aline Fairless 0512337729 7 10 87 51 84 69 75 61 91 54 62 73
Lahoma Galla 0573977439 6 10 50 61 66 85 57 55 69 86 55 86
Goldie Uhlenhopp 0513339592 10 2 75 93 80 64 73 90 96 96 72 52
Shella Zanin 0584644279 5 6 86 94 87 91 59 71 95 72 65 50
Bell Rienstra 0584628346 4 5 93 78 54 68 91 91 74 51 66 80
Adriane Leeman 0511976715 3 3 86 85 86 95 83 63 55 98 92 82
Willie Troccoli 0582741754 12 5 70 64 94 62 57 93 90 50 64 51
Olive Nevins 0586088338 10 9 98 82 61 98 90 73 81 60 58 65
Enedina Rendel 0554336914 2 6 84 78 69 80 75 73 63 93 66 98
Gema Onstad 0564164665 5 6 87 88 76 72 66 89 58 62 70 61
Reed Kerbel 0567213794 3 2 50 61 55 82 57 89 58 93 55 69
Ethelyn Meardon 0561255033 9 1 93 84 59 62 72 95 83 88 64 71
Hsiu Verrone 0551713047 6 6 67 75 74 95 87 99 65 84 58 54
Renna Minish 0539629456 6 8 84 79 70 87 65 87 71 62 71 77
Mellissa Weinfeld 0549794320 11 3 95 87 61 78 91 73 54 70 54 60
Enid Fagle 0548910620 2 1 88 88 72 96 52 71 80 52 80 100
Vernie Medious 0562590844 4 7 80 56 62 70 92 88 89 99 85 79
Roselee Pinn 0511949055 11 1 58 87 59 83 62 84 68 89 70 81
Lino Loving 0553927013 8 5 86 68 76 54 99 58 56 90 72 92
Jeffery Wellen 0555164298 3 2 83 96 98 84 76 72 68 52 73 100
Nick Giachino 0537059312 12 5 94 88 74 74 51 81 70 61 55 86
Monty Lackman 0592178457 6 6 54 94 91 90 78 64 72 73 87 92
Eldon Denisco 0528054900 10 3 82 78 77 59 85 50 92 55 61 99
Cary Godine 0595066117 10 3 100 98 90 57 81 84 69 85 54 98
Janay Crescenti 0579438012 7 6 88 70 57 81 70 91 89 96 74 57
Erwin Laginess 0571726367 12 8 84 51 85 84 58 58 80 68 56 100
Su Hagenhoff 0536491466 8 7 100 75 66 77 78 77 66 94 72 91
Margarito Brunkow 0582607497 12 3 78 75 99 90 83 80 93 91 62 55
Verena Heiser 0578449573 3 6 68 93 50 77 73 65 73 82 68 60
Silvana Debartolo 0558170470 11 4 64 66 73 60 51 92 89 53 80 86
Nelia Schoel 0573096497 6 2 71 90 64 89 74 70 57 96 80 82
Myrta Trofholz 0570264963 9 1 69 73 57 87 82 70 57 80 82 66
Chrystal Dornellas 0563957720 7 1 64 96 50 59 100 84 79 67 84 81
Marsha Burrous 0545279804 1 9 52 75 83 91 72 82 80 93 67 68
Mittie Canatella 0511130353 3 4 65 61 64 94 100 64 77 58 78 73
Curt Froncillo 0561552991 5 2 100 60 60 77 95 80 58 88 65 75
Andria Pistole 0533684890 6 9 72 63 87 90 66 65 78 99 59 66
Fransisca Calcote 0547632489 7 7 92 84 81 90 50 91 54 87 95 55
Paulina Delabarre 0531930400 2 5 61 70 69 82 73 85 79 65 71 50
Sommer Formica 0525570751 11 10 59 74 100 61 59 61 79 74 95 97
Ashley Gershman 0521198643 2 4 78 92 80 57 59 76 60 72 63 73
Cristina Barnell 0535844154 10 6 54 90 89 55 84 67 96 72 76 65
Adelia Char 0555431134 5 3 85 51 51 79 62 59 62 92 100 76
Andres Skemp 0518612177 9 3 62 83 94 55 65 86 67 58 92 93
Su Schatzle 0525217345 9 10 90 54 80 90 53 87 91 92 76 65
Russ Molzahn 0577427448 1 9 93 61 80 82 94 60 66 69 64 68
Arcelia Doi 0576762139 10 1 93 67 97 96 50 91 56 73 100 58
Shyla Weghorst 0590770076 7 6 92 82 86 83 76 95 55 73 99 76
Pauletta Sollman 0597434944 12 6 70 76 72 78 85 72 84 64 98 52
Erasmo Vallow 0540680943 9 1 72 68 57 55 62 75 80 83 52 65
Jonnie Stpeters 0525354722 1 10 63 77 100 90 63 100 85 93 73 93
Sherill Dul 0533870125 11 3 86 84 69 88 75 65 62 75 50 84
Latashia Puglisi 0533372170 11 5 76 71 68 90 67 82 90 69 71 97
Antonietta Hughston 0525495740 5 8 52 50 75 84 51 81 59 78 51 86
Antonietta Higginbottom 0518657466 5 10 66 72 77 85 95 96 94 67 65 75
Shaunta Tutaj 0584544047 3 9 77 91 84 93 58 69 93 55 74 79
Brittaney Overholtzer 0557512466 4 7 77 76 87 78 95 66 73 82 53 67
Lurlene Balian 0545708529 9 3 78 94 73 92 55 75 53 51 52 76
Christal Yannuzzi 0514628237 2 3 97 54 100 66 93 78 88 52 91 72
Star Cerda 0518517755 10 4 52 91 59 72 81 66 80 62 86 74
Mandi Ruz 0596572147 6 1 98 100 68 73 83 65 86 97 62 51
Magda Tigney 0552155139 1 2 55 69 75 68 93 97 84 53 74 78
Oretha Waver 0545497583 6 6 84 52 86 51 83 62 55 60 83 97
Aleida Stefanowicz 0525302164 9 4 78 98 62 67 70 77 50 76 97 69
Loma Marsette 0558328170 1 5 56 58 68 93 89 77 87 67 74 66
Tyron Want 0557089855 12 4 79 60 94 57 72 67 54 60 89 60
Adele Bendtsen 0557738546 12 8 94 55 56 83 54 75 97 66 84 100
Mitchell Backhaus 0535480315 8 9 85 53 81 99 79 71 95 52 88 92
Harvey Burnsworth 0537717547 10 4 60 79 90 66 77 82 82 74 59 82
Savanna Cavener 0581756335 4 9 52 88 88 93 62 93 83 79 96 98
Lonny Gustine 0534452308 2 3 71 92 73 74 100 55 84 97 73 73
Tiana Lyall 0538959583 4 7 63 83 72 75 77 86 72 67 65 54
Cleo Brusco 0550322222 1 5 56 68 69 62 72 77 64 79 77 100
Fredrick Legallo 0564041085 11 9 62 78 78 61 94 96 82 71 72 87
Lovella Leatham 0592866713 12 8 69 94 78 73 51 68 88 70 94 72
Otha Beilfuss 0532295755 4 6 52 59 76 54 74 99 61 52 93 85
Hosea Emard 0569386182 10 9 94 77 95 55 85 90 51 50 57 89
Barbar Stiern 0519816035 1 6 57 96 94 82 60 54 76 55 57 94
Lakenya Goldey 0538082924 7 1 78 79 88 83 54 72 97 65 68 69
Shane Litvin 0566794338 4 6 76 86 64 52 52 58 55 55 59 53
Barrie Lampley 0565648845 11 4 61 70 92 57 73 87 67 92 92 96
Shawana Tepperberg 0585400818 12 5 69 80 72 73 87 75 68 87 62 50
Von Standberry 0540783283 6 4 77 93 68 97 89 69 70 69 59 50
Berna Dryman 0516735115 10 4 79 63 96 72 59 55 67 83 69 97
Carmella Holets 0590653845 2 4 100 57 90 87 62 65 79 59 58 66
Shelly Roehrig 0518015716 11 10 84 55 63 95 50 91 92 81 68 69
Alvin Sovey 0549514911 6 10 73 55 76 96 92 73 68 96 68 75
Madison Fontillas 0524026703 11 3 93 60 50 81 80 59 67 91 78 89
Riley Hedman 0526246063 9 10 78 90 60 57 96 63 98 62 76 77
Rachele Zullinger 0565843386 5 6 59 59 50 94 85 79 93 69 90 99
Beth Frediani 0561191090 1 5 56 50 60 93 98 92 50 66 81 79
Alex Gisler 0590539538 5 7 94 68 53 91 93 79 97 63 81 76
Stefania Bock 0549620759 5 2 88 82 67 96 86 55 65 92 99 92
Darcey Quiroz 0530499221 4 9 76 87 86 90 84 83 61 75 77 68
Trinity Pfrommer 0564763532 12 5 80 53 96 68 65 99 73 57 93 98
Zella Lasser 0572708960 1 8 82 68 51 56 86 83 70 81 61 95
Lilla Grimaud 0592098024 5 9 74 63 63 66 93 91 60 50 66 75
Rich Barth 0526682302 9 2 52 94 70 72 56 70 73 82 52 87
Colleen Saxton 0567433155 10 7 63 59 71 76 84 84 90 66 66 98
Barrett Woodlin 0591627381 3 3 88 71 75 62 66 55 72 66 86 60
Valorie Zuelke 0523821957 6 8 58 60 52 77 89 93 97 90 94 58
Laronda Senesenes 0588180784 7 10 55 88 78 60 68 90 57 83 78 69
Maye Norrix 0576155415 5 8 61 83 54 97 59 69 62 71 55 87
Harland Holvey 0538402831 6 6 86 63 93 82 86 52 93 97 80 62
Nerissa Giantonio 0526609721 12 4 66 52 62 73 67 96 52 58 72 90
Marianna Contorno 0524964981 5 6 64 86 59 90 88 50 67 93 99 80
Kandi Gruninger 0599852123 5 3 93 86 59 93 80 77 75 84 78 57
Maris Balleza 0598362592 12 6 78 77 68 63 57 80 64 78 97 79
Eli Deets 0577983865 5 2 97 79 57 85 76 97 51 97 68 73
Charlsie Grafenstein 0571235288 6 2 92 70 74 82 91 68 74 89 66 52
Cody Herlong 0596703424 4 9 59 57 95 66 58 74 83 71 99 86
Billi Forsmark 0558468556 7 5 85 90 65 76 53 74 84 70 83 51
Kathyrn Tutela 0515954609 3 2 61 74 72 53 77 62 81 98 88 78
Susie Cloos 0518866716 8 2 89 85 58 76 85 74 76 53 96 50
Kerri Kurk 0526839134 7 4 97 91 62 61 82 92 97 83 78 93
Shay Beresky 0518695809 12 2 80 92 96 99 74 57 66 74 57 87
Vernita Stauch 0528065007 7 6 98 50 86 83 83 65 62 83 76 87
Helena Argote 0569209763 10 6 82 72 56 81 55 98 94 82 71 57
Kirsten Farrare 0575739765 10 10 79 79 96 69 51 59 52 75 54 62
Krystal Crawn 0565525322 5 9 75 50 84 63 52 96 51 94 93 100
Enola Ruts 0542895953 10 3 87 88 52 99 95 51 55 77 68 67
Emile Wurdeman 0570098187 9 2 83 58 86 85 86 66 58 94 92 53
Olimpia Luersen 0510696979 7 6 75 99 64 95 94 58 61 50 78 62
Jeanne Etters 0558311531 8 8 58 54 90 77 69 69 90 66 56 52
Pete Cook 0596687690 8 10 53 72 87 95 50 85 91 81 62 50
Britney Natwick 0511329868 5 9 76 52 59 57 68 75 97 69 85 85
Lucio Terman 0578241337 9 7 70 82 83 52 80 67 50 57 95 67
Kraig Yoshihara 0544202841 12 10 99 74 81 83 89 88 82 63 62 67
Coral Dewey 0596205042 4 2 71 71 79 80 70 97 61 62 94 83
Gayle Ausman 0591516058 9 3 90 79 76 54 87 60 68 94 91 62
Ninfa Puskarich 0590619972 8 2 97 55 59 91 86 57 67 53 85 59
Jim Runkle 0562113797 10 1 91 90 91 72 99 56 82 70 83 100
Abbie Miolen 0528643120 12 2 76 94 94 90 77 50 90 61 83 57
Lindsay Tulk 0583998889 2 9 83 65 54 55 55 81 82 51 89 97
Kacey Kundla 0522763087 12 7 87 70 71 89 67 85 73 50 75 63
Lucie Ulysse 0514858896 12 6 96 69 97 83 83 53 61 96 90 63
Enoch Durrani 0585995346 11 10 81 69 70 80 97 75 79 65 80 96
Homer Llams 0532531618 6 5 53 98 90 96 73 62 60 78 53 73
Lura Bullock 0572913092 1 3 91 58 57 52 52 85 78 84 60 54
Risa Rozon 0530549661 7 5 71 84 86 73 70 69 86 88 63 59
Lincoln Bogdanovich 0586727230 8 9 79 59 89 82 72 50 81 90 88 93
Marcos Carril 0546234125 7 2 70 51 74 55 77 96 79 83 70 50
Lashawnda Vidra 0533872544 3 6 60 96 83 95 90 65 77 75 54 99
Hoa Mishulovin 0519443338 1 8 66 54 73 100 58 55 85 59 72 55
Renee Galo 0582662728 9 3 80 96 92 63 64 81 60 50 66 55
Season Fencl 0597049406 2 5 91 52 82 97 80 54 74 54 74 75
Boyd Baral 0520551259 7 5 82 86 97 67 98 91 71 51 87 81
Evita Glaviano 0515307902 6 5 95 97 55 85 51 65 84 69 92 52
Odell Wittbrodt 0518120880 4 2 63 77 96 78 75 93 96 52 56 80
Abbey Galla 0595014197 10 4 55 92 93 73 50 51 52 69 53 86
Britni Dharas 0553610856 7 10 66 62 63 68 89 71 100 94 64 78
Destiny Michalik 0599165291 12 2 54 85 97 60 91 87 94 74 70 80
Stephen Trostle 0563243192 1 1 61 69 52 81 75 55 64 51 54 66
Walker Goughnour 0582446707 6 9 72 54 74 52 83 72 81 53 51 85
Phylis Landevos 0554135080 12 8 69 97 61 69 72 64 71 97 81 70
Angella Jerido 0566421732 7 8 92 58 75 82 90 65 60 76 56 56
Tamisha Pyun 0563364204 1 6 83 90 75 83 88 85 82 50 52 70
Jerica Kalhorn 0584490883 4 9 55 50 74 58 66 67 80 85 66 57
Brenton Banville 0589436306 8 6 55 50 60 58 57 85 59 71 54 69
Hunter Trone 0523640936 6 2 59 66 84 68 72 65 73 60 70 63
Michele Ostroski 0560806657 10 8 69 72 84 92 63 69 82 69 94 54
Rolanda Slayman 0528110285 5 2 51 95 88 68 91 72 64 59 55 62
Santos Soller 0524492942 1 4 51 94 72 63 62 69 88 88 58 55
Zenaida Radsek 0565101353 5 9 56 78 62 94 94 75 96 99 96 59
Agueda Marschke 0523811007 9 1 64 98 96 57 55 84 52 87 69 66
Onita Dorsch 0541773312 6 3 88 82 52 93 63 84 77 69 97 90
Regine Catt 0516531219 12 3 86 94 64 51 99 98 78 91 84 68
Marketta Fausey 0598598119 6 8 91 73 70 53 86 52 62 56 67 68
Loura Routon 0535547551 8 8 96 57 67 85 57 93 67 57 83 68
Salome Topolansky 0530809747 10 8 83 94 88 100 99 64 74 54 50 50
Wonda Senderling 0591211248 2 3 62 82 70 94 88 54 53 59 51 66
Chuck Wisnewski 0552752505 11 5 61 51 88 95 72 70 69 95 54 99
Gloria Erlanson 0520035258 8 1 84 63 75 88 52 89 55 71 58 62
Mckinley Yake 0559915565 3 7 88 98 95 94 73 91 50 79 60 74
Verdie Roegner 0592443356 12 7 96 63 99 62 56 50 76 58 89 56
Sharda Mceaddy 0554633214 5 6 56 75 59 86 91 90 73 67 92 51
Annabel Masiello 0512082487 11 5 84 86 54 64 99 68 74 61 63 73
Maryam Todisco 0554412631 8 4 52 72 55 100 87 98 99 76 72 53
Kathern Surdam 0565748800 2 2 99 57 72 78 87 56 65 87 59 64
Yadira Lykam 0545662369 1 1 64 55 52 60 67 95 73 76 85 72
See Conine 0539958809 5 9 68 96 69 83 53 81 54 50 60 95
Ardis Schaufelberge 0583963942 4 1 80 51 60 98 59 82 64 95 94 97
Jodi Dority 0594336257 10 1 73 55 68 70 96 81 73 93 90 57
Malvina Walter 0545798052 11 2 59 99 69 78 81 69 56 53 67 50
Dillon Chouteau 0522051345 5 6 72 63 80 80 82 94 97 58 67 67
Kurt Siderine 0556887653 8 7 51 57 97 76 65 76 90 62 57 72
Kathlyn Mauller 0572114185 9 8 99 52 74 66 81 92 91 61 70 59
Rhett Kistler 0591008816 1 1 67 85 74 87 66 94 57 61 75 96
Joella Armbrister 0558188616 4 3 76 56 92 85 89 81 64 86 69 51
Paris Shelquist 0572437851 6 8 73 52 84 95 63 71 95 53 60 77
Vanna Lars 0598908572 10 6 73 85 72 50 81 90 57 72 64 85
Heather Fowlston 0577195793 10 2 52 73 53 52 96 58 87 52 93 56
Marlen Goyette 0549358042 9 5 55 83 89 79 82 56 56 51 64 75
Nida Latouf 0563539332 3 3 50 73 71 70 56 68 56 90 75 98
Monet Hemmann 0533749562 7 10 54 100 84 76 54 88 74 68 53 64
Neoma Spillers 0578520685 6 4 71 55 66 85 68 91 53 60 87 71
Chi Carbonaro 0581709114 10 3 68 84 91 99 80 81 92 97 77 88
Jaime Garelick 0584944738 5 8 95 90 80 99 97 94 75 57 51 52
Kittie Ayola 0518327443 1 8 80 77 100 65 81 82 62 82 99 83
Brian Wooward 0538674078 8 2 81 68 90 72 97 91 80 65 59 67
Marisha Kines 0530237225 5 5 93 53 96 67 61 73 99 68 64 99
Sherell Grosse 0521600052 1 9 90 94 69 73 60 66 73 50 97 53
Devon Vatterott 0569856643 10 5 93 86 67 76 64 59 65 57 81 61
Larue Galson 0588360868 5 9 50 56 66 88 67 63 75 78 81 98
Ismael Appeling 0573597621 6 4 53 52 98 99 67 75 99 96 79 84
Luisa Vorsburgh 0538388772 6 1 90 93 64 89 97 55 98 58 87 97
Stanton Romani 0564197267 11 5 91 68 64 97 57 57 67 65 100 71
Rikki Phommatheth 0520630587 6 3 67 92 97 91 75 83 82 79 76 50
Katina Hanavan 0527421870 12 1 75 80 89 100 81 88 63 92 84 75
Elnora Rogugbakaa 0532556122 12 3 87 55 94 68 70 51 76 65 80 58
Joanie Dimitriou 0561165766 11 9 86 94 53 77 64 65 90 88 50 52
Genevieve Parrales 0523867671 12 9 82 89 55 90 96 98 66 71 86 71
Gertude Chattin 0552864559 11 5 73 60 51 62 67 51 50 56 97 63
Amee Annis 0536925318 4 9 95 88 64 56 54 57 68 81 97 65
Keith Kercher 0577557166 3 9 78 74 95 99 60 68 55 66 57 68
Valencia Racioppi 0523264969 9 3 87 82 67 93 72 62 100 54 60 55
Veronique Dyda 0567427323 5 9 95 94 74 62 82 69 71 89 70 53
Veronique Cobrin 0532838482 6 1 50 59 98 79 86 83 53 63 98 85
Ja Grandchild 0560198800 9 3 62 52 75 54 92 73 57 74 59 62
Leslee Colombini 0538513924 3 4 85 56 73 82 68 67 51 97 65 92
Inez Zdrojkowski 0556329204 11 7 75 94 83 69 94 78 100 74 50 85
Eula Burts 0518184741 1 10 55 88 73 88 95 71 88 88 58 71
Sallie Stutsman 0514589007 2 3 69 90 91 75 86 78 98 87 82 83
Kayla Ferencz 0529578954 12 6 52 63 86 88 66 53 81 50 92 51
Martin Antonakos 0543278967 10 6 65 57 66 73 79 74 98 93 71 56
Imogene Tennent 0526824474 11 7 71 96 73 80 69 63 69 88 77 98
King Lauriano 0596875337 11 10 100 74 76 53 59 84 54 86 79 77
Griselda Lavelle 0539706800 1 9 50 83 100 70 56 98 79 63 88 56
Lura Heesch 0594141404 10 4 67 80 86 62 76 64 63 68 69 82
Ignacio Ferouz 0529675295 8 4 66 54 62 89 69 71 84 83 54 62
Lesley Marie 0519929863 11 9 73 95 80 95 86 55 82 62 87 90
Dean Rathrock 0594203811 1 10 83 66 71 83 59 92 98 56 52 91
Orval Bhattacharya 0598144105 10 2 77 90 83 57 73 98 55 96 74 77
Nickole Samway 0577964427 7 1 54 63 67 55 85 73 58 65 58 58
Luisa Wurts 0577490131 7 10 62 89 68 76 85 91 82 80 89 69
Marketta Fangmann 0529969338 6 10 79 82 60 95 75 58 60 55 60 77
Sunday Bawcombe 0544608129 4 10 84 87 62 70 78 80 91 78 83 57
Susan Eynon 0549906360 11 9 68 74 79 98 70 77 59 58 56 51
Christene Plaisted 0534897780 8 4 61 88 96 68 54 98 59 50 63 57
Brooke Italiano 0511204163 6 1 61 57 88 67 83 68 83 51 78 54
Precious Varland 0588444497 4 2 85 100 70 56 53 82 83 63 54 92
Sarina Cloutier 0592324760 1 10 84 65 88 75 87 85 68 65 91 59
Karrie Rieu 0599260638 8 7 66 66 98 69 73 55 80 52 95 59
Lanita Koma 0598112528 6 5 68 87 68 97 64 67 99 72 72 95
Ruthie Essick 0594780727 5 10 60 50 80 88 52 100 91 100 85 63
Eilene Gromoll 0514860044 2 3 85 59 62 81 90 85 100 99 68 63
Lucie Delessio 0557350871 2 10 56 73 68 78 90 60 54 97 82 70
Britany Smelcer 0539759403 3 7 90 74 51 79 95 70 87 77 92 74
Emmie Notah 0590134248 8 3 62 85 63 70 90 60 85 56 73 81
Nathan Minear 0533829137 11 5 57 92 95 61 84 73 81 85 78 69
Adina Few 0579868472 8 4 95 56 94 80 52 74 69 84 56 56
Dawna Niederberger 0594761971 3 2 75 72 51 62 71 67 97 100 77 96
Lila Shyne 0530759501 6 4 96 74 97 51 96 64 60 58 97 85
Dwight Ziter 0527495878 10 10 67 73 59 98 71 65 91 65 53 61
Willow Zerger 0547116245 7 4 88 67 69 83 78 55 61 83 50 56
Ossie Fram 0581979460 3 2 79 90 89 82 61 74 89 64 87 71
Ines Diddle 0562153939 11 6 72 93 69 72 97 100 59 61 50 99
Yee Fugueroa 0524581388 7 7 69 68 93 55 59 65 71 69 94 54
Joi Dalporto 0572678938 6 5 69 80 65 65 62 53 56 68 84 70
Dante Torn 0561383788 12 8 69 83 70 65 85 84 96 82 72 91
Rhonda Clattenburg 0521285149 11 5 97 66 87 71 63 100 51 58 62 84
Leoma Ortea 0538649609 10 4 100 56 51 83 74 58 53 52 82 71
Wilson Capata 0533317495 2 7 51 64 91 69 98 79 59 71 55 96
Margherita Baumberger 0523450630 1 10 95 59 88 88 86 78 50 80 89 81
Erin Landucci 0528903049 3 6 96 90 64 90 50 78 73 77 53 76
Vincent Jaussi 0545827704 10 6 83 100 58 96 67 56 80 86 52 68
Joanna Argall 0578749477 9 4 60 67 60 95 60 53 67 95 71 75
Frederick Altenburg 0544828505 9 5 75 88 97 99 75 83 51 59 77 73
Twyla Friends 0583850594 11 10 58 97 91 64 76 69 90 75 92 63
Malena Yetto 0559405774 11 8 87 93 79 56 73 98 72 55 78 83
Mina Araneo 0560885709 7 9 55 55 88 96 61 79 73 79 90 71
Jesus Aldonza 0535777577 5 2 59 100 92 60 72 83 91 63 91 75
Ethan Mcneff 0512688775 1 8 84 94 54 61 52 73 81 94 62 75
Jeana Finical 0512877195 2 5 91 53 62 56 52 59 52 61 79 88
Senaida Daffern 0585140348 8 10 57 95 88 95 70 97 69 58 67 98
Katerine Tess 0523454056 3 2 89 96 94 51 74 56 100 75 57 51
Ja Zastrow 0542877949 2 10 79 95 78 90 87 78 57 78 87 71
Lean Hunte 0549301891 10 2 83 79 79 70 64 64 58 100 71 98
Setsuko Hennings 0522943194 11 1 71 93 74 51 62 100 95 51 70 60
Amal Nicholes 0512573028 10 8 64 90 77 73 50 50 84 62 80 95
Wendolyn Wongus 0528784049 6 6 68 50 62 50 85 60 79 67 52 58
Elissa Recupero 0534589903 11 4 94 92 76 56 83 97 54 88 82 92
Chi Degrandpre 0594281828 7 7 94 65 71 90 53 54 97 87 90 99
Niki Treptow 0580239472 7 8 97 59 74 97 51 80 91 51 66 65
Dayle Mabone 0557272710 3 7 58 67 60 67 91 98 56 89 56 87
Sterling Byland 0578238924 5 3 54 53 66 67 68 64 61 50 85 63
Pandora Laib 0557334661 3 6 74 86 81 99 98 99 62 77 100 70
Blake Habash 0569932164 5 7 79 53 93 94 98 78 84 79 61 74
Rosario Hines 0550845852 1 4 54 98 66 90 79 100 85 79 68 66
Krystal Mcpartlin 0580533548 1 1 55 78 70 84 77 91 91 52 77 56
Torri Lapointe 0599888894 9 10 61 79 51 61 50 50 81 74 100 63
Earnestine Cochis 0545148825 8 9 79 96 80 51 61 72 55 93 76 94
Zulema Leho 0553737711 4 10 53 70 85 80 76 95 52 54 68 68
Trista Forgie 0578478492 6 3 62 82 69 66 95 61 83 74 63 62
Simon Singleton 0561734475 9 2 100 92 68 86 83 55 54 86 66 58
Palmira Zwagerman 0529195558 5 1 70 94 89 81 60 51 70 61 69 71
Dulce Southall 0580992219 8 9 81 94 82 63 65 66 59 79 64 89
Esta Molima 0554766864 4 6 65 63 57 80 96 53 73 99 76 81
Tillie Mandolini 0579250115 9 6 60 83 78 55 86 63 88 51 87 94
Marlo Quitter 0528775816 3 9 76 54 74 87 91 100 83 85 88 78
Ethyl Filer 0556203928 2 6 57 77 77 96 63 59 58 55 94 93
Sacha Stabley 0557036746 1 4 98 95 73 63 53 52 91 52 81 82
Shanti Honegger 0577899437 1 3 83 96 89 96 82 50 98 94 65 79
Cinda Khiev 0525331190 12 1 57 100 54 54 52 94 71 89 70 91
Adaline Scicutella 0575005630 6 6 58 79 52 83 70 85 92 63 56 50
Gilda Billiott 0531103563 3 2 79 84 87 62 80 77 85 58 92 83
Tony Hrobsky 0512407644 9 7 58 69 67 75 58 79 77 91 76 92
Georgie Sistek 0596333258 9 9 55 84 60 86 71 70 56 62 54 74
Sergio Patry 0576395612 5 3 85 81 95 90 77 86 70 72 95 98
Nicolas Nette 0515561742 12 9 81 72 92 82 95 62 63 56 56 58
Margot Simoneavd 0542813056 8 2 50 65 85 74 92 82 100 80 76 90
Vita Janway 0577510443 12 4 98 95 73 84 88 85 99 50 62 95
Kristina Knudsvig 0531445218 2 8 86 69 61 81 54 83 95 75 98 66
Tammara Enstad 0576061469 2 5 67 69 93 96 87 82 87 57 80 66
Bryon Clack 0578025241 6 3 72 63 72 61 57 85 72 69 70 59
Annita Crickard 0576325892 5 5 85 99 62 57 75 76 91 74 71 68
Hue Pitka 0527139616 2 8 77 73 57 75 92 98 85 92 93 64
Brande Fedor 0520474130 12 2 65 65 89 72 73 51 80 62 74 87
Tommie Mesplay 0547581241 4 6 87 66 52 51 72 50 57 69 96 55
Jewell Arbuthnot 0510885273 5 3 67 57 100 70 51 58 94 66 100 79
Jan Vuoso 0578948068 1 8 75 79 100 50 98 74 58 96 94 50
Penny Arntz 0595134851 2 6 85 96 91 90 99 72 50 98 59 84
Latrisha Shatrau 0578640667 2 9 53 100 91 91 54 96 92 81 97 66
Latasha Bendele 0544139501 10 2 56 67 69 64 94 93 65 50 95 78
Man Deren 0585815151 5 2 60 53 69 78 78 51 75 80 75 100
Hien Sood 0569315911 1 9 100 99 77 83 66 54 91 81 56 69
Alta Lychwala 0515407671 10 1 61 62 58 84 79 78 78 98 100 92
Magali Lampke 0579692562 2 9 74 82 69 91 97 54 85 73 97 67
Kristine Kolp 0532870199 12 10 59 77 72 85 58 77 96 94 95 66
Lawanda Hallstead 0535793952 9 10 85 90 59 66 64 55 62 77 96 99
Rod Krieser 0591526700 2 8 79 69 50 70 76 78 90 70 71 88
Nakesha Dunphy 0541152255 12 6 67 64 61 97 86 55 80 74 61 58
Keisha Shotkoski 0558649080 3 1 61 69 64 62 62 88 53 90 79 66
Maude Jepsen 0584761098 9 8 58 74 83 78 54 94 74 60 71 75
Kimberli Giacopelli 0518072077 10 3 64 73 66 59 90 97 82 96 87 99
Mauro Yara 0543823138 4 7 53 65 58 73 60 63 95 89 51 56
Rich Shamburger 0513960617 12 5 98 81 59 63 58 55 55 97 61 91
Marvis Valadao 0529416997 5 3 95 58 65 68 82 60 52 60 61 93
Laticia Ratledge 0554432805 6 6 68 61 70 97 59 88 83 81 97 76
Amelia Schegetz 0585504995 9 10 83 94 60 82 54 81 65 94 65 99
Stanford Sandifer 0521556721 8 5 59 91 90 51 96 81 71 52 75 61
Tiffaney Nies 0589692253 11 7 60 74 90 79 77 77 98 85 77 64
Mee Wedderburn 0529426691 10 10 84 61 69 99 75 72 95 96 90 89
Jim Dematteis 0543230386 2 5 79 85 83 90 66 86 85 70 99 95
Odis Strube 0583256832 7 7 75 57 59 55 94 61 68 51 60 79
Nickole Kilkus 0563136866 7 4 55 97 57 56 81 83 62 60 74 99
Manie Taite 0585326089 8 9 90 96 88 86 83 67 54 94 68 86
Jamie Potanovic 0581057091 3 4 52 59 70 87 72 66 56 61 56 56
Azalee Monarca 0518942797 5 1 90 83 87 69 97 55 70 77 74 72
Margarete Matyi 0534382379 5 6 99 65 69 87 84 65 53 100 62 73
Son Siddell 0525157536 12 1 84 55 65 87 64 75 67 95 53 63
Debora Busher 0519866328 5 1 68 69 69 69 67 74 76 55 92 80
Tobi Gayne 0591846878 11 4 92 70 98 90 77 67 52 96 66 54
Dierdre Beebout 0550223728 3 7 60 66 61 68 72 92 98 77 84 88
Simona Iacuzio 0579625887 5 3 84 90 56 65 99 94 76 78 79 57
Temika Mercando 0568446499 10 1 74 72 78 67 94 61 84 80 98 58
Zandra Kruebbe 0579290457 10 2 90 90 100 98 78 72 78 60 96 72
Clementina Mittlestadt 0531482632 1 8 55 82 99 73 99 85 89 54 81 67
Loni Girgis 0510515533 2 6 86 53 97 82 94 58 92 58 60 99
Chas Cichon 0538916168 7 4 66 93 79 52 59 90 97 55 75 61
Christian Cilek 0584274171 3 6 54 68 96 58 96 72 88 62 75 88
Arlen Destasio 0599325230 3 2 54 79 83 96 100 72 78 89 64 78
Freeman Ozminkowski 0512878503 7 7 96 97 76 56 89 53 55 66 67 91
Larisa Pensky 0564286229 9 6 62 93 82 82 94 86 91 79 91 73
Mervin Galea 0559987695 3 9 90 75 95 63 74 98 54 60 55 99
Librada Bupp 0524168909 12 10 73 92 92 58 64 83 83 84 88 82
Shaunta Weidig 0515178478 1 3 55 99 78 70 56 69 90 77 52 76
Anthony Loessberg 0554848758 12 3 66 69 78 51 76 76 57 82 89 96
Mariela Kaya 0583797103 4 2 93 74 52 52 83 93 82 68 68 76
Meridith Orejel 0510009757 12 3 66 95 94 56 53 99 81 52 68 69
Louie Leonor 0576761542 3 2 50 60 54 100 75 89 58 52 91 78
Anneliese Datil 0522696681 10 9 95 77 67 82 65 85 88 56 91 64
Tierra Flaim 0580541241 8 7 60 84 56 62 99 59 73 95 51 99
Eneida Pulley 0563141685 4 5 51 66 90 63 58 88 63 70 96 53
Desirae Blanko 0546044237 12 1 81 60 98 86 89 80 83 99 96 77
Ingrid Chupik 0563091257 7 8 76 65 84 90 72 74 87 85 81 69
Donnetta Weldin 0566558038 10 10 87 59 69 75 79 99 65 52 67 99
Diamond Caal 0573013271 1 10 77 68 60 74 58 89 76 94 80 68
Tandra Deutscher 0598628179 10 9 63 87 59 51 58 78 52 74 74 76
Lowell Hallan 0557302015 10 8 90 61 99 84 97 92 83 70 95 52
Madlyn Bille 0576822762 8 6 75 69 95 86 94 80 68 52 68 71
Zelda Debruyn 0573558038 5 10 79 73 68 72 76 82 68 65 63 96
Paulene Padovani 0528271221 9 1 61 79 51 92 77 85 62 57 93 78
Sharlene Crover 0593402375 1 4 95 82 85 91 80 76 70 85 92 68
Kary Fernow 0515660020 3 8 85 51 55 99 68 71 78 95 50 97
Darwin Hookfin 0532638711 9 5 85 83 74 96 57 86 50 61 95 68
Lynn Menk 0553434347 2 3 92 62 61 77 93 73 69 64 86 58
Le Guariglia 0593989092 1 3 69 59 63 100 92 93 99 78 73 73
Valorie Baj 0579238979 5 4 80 99 90 67 80 60 71 80 54 54
Layla Winterfeldt 0576953219 5 10 74 92 62 83 54 65 55 95 69 91
Ardell Holshovser 0597969689 11 4 70 88 85 52 74 63 84 81 78 82
Zachary Provencher 0585128283 9 1 71 77 70 98 62 63 52 91 54 98
Fausto Hoeller 0517130053 6 1 65 75 95 69 88 54 87 90 68 71
Arlinda Logemann 0560213497 6 5 61 92 60 94 57 68 84 56 93 74
Parthenia Pallet 0516707106 5 1 73 73 88 81 58 55 81 68 53 100
Lauran Raddatz 0519489953 7 7 71 58 73 96 83 81 67 98 94 75
Mikki Allocca 0591155130 8 3 97 71 80 70 89 61 63 55 78 97
Rubin Brasseur 0542437919 6 7 95 99 59 80 95 61 81 64 89 70
Amiee Karcher 0554437696 4 7 55 97 67 57 58 74 83 77 52 84
Otha Arkadie 0526945792 9 1 88 60 98 70 71 56 83 73 51 93
Agnus Schiro 0521287204 12 3 50 94 76 64 58 95 99 99 67 60
Serita Veneable 0519157845 12 4 75 76 94 77 84 74 80 54 100 72
Marget Kosloski 0585571511 8 1 57 74 81 51 91 80 86 84 99 82
Piedad Castaner 0563439400 3 5 94 60 72 75 65 61 62 57 91 94
Selina Lail 0575827386 5 3 78 78 54 89 88 70 93 94 76 80
Freddie Campany 0561280438 2 8 80 83 53 83 67 92 56 76 88 57
Shawanda Shukla 0537248308 12 5 80 91 65 51 78 77 95 97 61 67
Barbra Lippard 0598447528 7 8 99 69 98 87 77 78 67 94 69 99
Dorsey Kenndy 0546000067 2 8 68 91 80 77 88 73 69 56 99 50
Sherita Benkert 0567474072 11 4 97 65 89 94 74 81 74 67 89 58
Ying Shifley 0530305826 3 7 79 64 73 75 78 60 60 75 92 93
Jeni Spillane 0581317724 4 7 85 97 81 62 75 80 75 64 95 75
Hillary Sammons 0534315256 4 7 97 70 65 59 94 80 56 77 63 69
Annalisa Balsis 0544836723 5 4 68 73 77 55 100 96 85 92 86 88
Ivonne Davito 0570910335 11 8 54 94 66 54 76 100 95 91 92 52
Conrad Gelle 0522541567 11 6 51 91 64 55 70 74 61 62 84 99
Derek Werbelow 0517794546 11 6 96 88 60 52 63 85 90 87 53 94
Spring Brancaccio 0555066709 7 7 86 60 76 63 79 65 94 94 93 98
Andres Waldrop 0542401703 2 8 55 97 54 82 53 90 73 66 89 70
Julietta Medinger 0557552120 7 7 73 68 63 80 75 92 74 50 69 93
Elton Gleaton 0571535086 5 8 91 92 70 63 54 73 65 94 67 93
Buffy Hildebrand 0570161946 10 2 60 76 60 69 64 62 69 87 54 61
Elenor Axthelm 0570107369 12 1 96 70 91 80 59 70 83 98 61 52
Guy Belkowski 0514293829 8 6 52 55 53 59 78 74 65 55 67 92
Milan Meinert 0512574774 12 7 95 53 52 98 65 98 94 62 78 97
Ela Chiarello 0594487067 3 3 55 86 65 69 80 56 78 85 89 60
Mitch Poetzsch 0540863524 4 7 63 50 72 52 52 85 95 83 98 63
Darrin Kalupa 0544955856 6 5 86 89 68 88 95 91 61 94 53 70
Allen Asplin 0544835515 1 6 53 92 86 78 96 66 91 62 92 87
Tyson Saviola 0572307324 12 8 50 70 99 84 60 72 57 88 75 100
Alaina Kisner 0559539768 12 2 77 91 52 76 81 58 100 82 64 56
Catherina Cregan 0598636326 6 1 100 65 67 61 50 58 100 85 68 65
Darcy Castiola 0599911082 7 7 93 51 94 98 70 70 64 81 50 51
Tamala Turnbaugh 0588550527 6 5 98 53 79 59 92 95 66 63 100 74
Lilliam Farrens 0571865938 9 7 65 78 71 87 97 81 81 71 73 86
Chanell Weigleb 0561136795 6 2 70 78 72 50 87 64 68 58 70 97
Tarra Delancy 0520679875 2 8 97 71 65 90 61 59 100 90 91 80
Lorine Pasqualetti 0559602521 3 10 76 69 97 91 56 78 83 62 89 55
Flo Scorzelli 0514068257 3 1 76 73 50 62 76 67 53 100 71 63
Carmelina Colburn 0516763729 6 3 80 82 54 70 98 68 67 90 71 99
Brett Butter 0599488055 9 8 86 53 62 60 94 83 56 81 64 72
Georgette Theberge 0515349320 3 7 73 68 88 57 100 85 75 59 92 82
Hertha Pasillas 0531284010 2 3 91 73 63 52 86 81 74 94 83 58
Elwood Stuemke 0554069047 5 2 84 78 87 71 66 57 64 73 96 64
Joette Kutcher 0565327288 5 6 57 62 100 96 55 79 60 93 96 98
Edward Bowes 0512569294 2 9 66 50 73 73 57 86 95 64 99 100
Johnette Hermansen 0550690436 5 3 83 89 71 76 92 76 75 94 71 59
Isreal Vanvorst 0542459093 7 2 89 81 93 100 71 95 51 71 70 67
Reagan Marcolina 0596214686 2 4 63 71 99 92 97 74 85 60 65 56
Marlana Tann 0548145662 7 10 84 55 81 92 78 99 78 87 58 76
Bianca Juergens 0551183025 1 7 59 77 53 65 74 71 100 70 84 57
Randy Georgales 0599603326 5 6 89 74 65 68 96 70 64 60 85 60
Laurena Artry 0564147997 7 2 55 57 59 81 56 97 51 68 52 96
Gaylene Mcglory 0597115050 4 7 87 95 69 62 56 65 57 64 87 79
Miranda Wuensch 0585014392 3 5 96 69 84 95 67 81 79 81 63 57
Alecia Filak 0511386327 12 10 59 54 56 50 61 51 95 85 61 65
Cheryle Chrest 0528337988 12 9 89 96 75 64 71 94 72 71 92 88
Anette Metzinger 0555847958 9 6 89 71 95 69 97 93 53 100 62 57
Joyce Feyler 0559693056 8 8 59 62 56 83 81 78 81 74 74 52
Milissa Grisso 0521767315 9 3 88 84 86 83 52 62 94 86 86 54
Lashawn Sasseen 0560928114 10 3 90 99 76 64 72 97 64 81 91 85
Augustus Wayts 0580288491 12 9 50 77 64 76 50 83 69 79 63 61
Dave Mailo 0560886501 5 8 52 85 74 53 59 89 93 86 84 98
Marth Brister 0514739676 3 6 80 51 93 73 53 79 86 91 69 80
Monica Failde 0579742852 2 3 71 92 76 88 58 77 63 52 58 61
Phillis Eckels 0571547955 5 10 63 75 51 67 94 98 58 59 56 75
Shonna Mattu 0520719865 10 9 92 95 63 57 94 98 74 51 63 88
Tiana Dorsette 0526580875 7 10 79 90 66 59 52 73 84 55 79 72
Louanne Vanvolkinburg 0522223280 6 9 74 84 64 54 65 86 54 70 92 54
Mei Mummey 0574931312 12 3 58 63 72 55 77 64 87 94 81 58
Ngan Lozeau 0515231022 1 4 73 63 100 87 85 55 90 53 87 54
Chun Livingood 0513946388 1 3 68 63 76 91 93 66 88 50 51 83
Jaimie Knieriem 0598846325 2 5 96 58 60 93 99 73 94 54 64 73
Bernetta Hennard 0537905383 1 1 50 75 92 77 58 50 87 70 68 60
Novella Lampley 0536979224 2 7 53 58 97 53 92 59 67 57 83 97
Rachael Stadick 0554942468 7 10 56 85 58 73 71 89 98 63 51 97
Tamatha Reusser 0554186524 11 4 93 67 98 65 69 99 73 93 64 100
Fernando Bettley 0585072276 6 10 59 83 90 66 56 64 59 72 92 84
Albertina Elliott 0511214150 2 3 98 89 98 93 52 90 50 55 92 99
Orval Doire 0590255086 5 8 72 67 84 59 64 91 69 83 67 81
Kayce Ciborowski 0547064086 3 5 64 61 57 57 56 68 69 98 86 58
Bree Pineo 0522890126 10 3 66 92 52 64 95 100 83 98 99 93
Tabitha Lepisto 0518547446 4 5 54 67 54 89 50 56 92 55 92 79
Gilberte Breedan 0567299545 1 4 51 66 86 95 74 80 51 58 68 52
Michele Denburger 0514811930 6 9 98 59 96 83 77 60 91 71 85 64
Justin Plaxico 0582409019 7 9 86 54 76 55 90 78 80 91 81 62
Nelson Cordeiro 0538283093 5 6 99 98 84 89 86 94 99 72 68 70
Yukiko Flachs 0598054654 2 8 65 61 60 55 84 68 92 94 99 70
Annalee Bartoletti 0599240771 6 3 82 86 80 78 98 82 58 59 61 59
Savanna Piccirillo 0526383052 11 8 52 81 95 63 55 74 60 65 59 85
Lucinda Cantabrana 0514026947 12 3 91 51 64 93 98 69 57 74 57 81
Miki Welton 0552028662 5 10 72 51 90 72 73 99 98 78 57 91
Ping Lefrancois 0565530172 9 8 91 75 87 75 75 54 54 100 55 88
Rashad Harari 0567219920 5 8 78 72 55 83 83 67 65 92 69 51
Anjelica Gilliam 0522762276 5 4 67 87 94 63 93 88 89 68 90 94
Tiffiny Hardmon 0526727572 2 2 76 96 77 92 65 87 80 89 90 100
Janine Behlmer 0558013932 4 4 64 89 59 83 89 60 75 52 100 61
Treasa Stoskopf 0526380178 4 9 74 66 64 51 76 74 65 67 86 90
Tisa Breuning 0557052341 3 9 98 90 85 63 76 85 87 79 69 95
Miguel Feagler 0521308773 7 7 57 56 56 87 79 51 59 72 83 71
Fidela Peight 0588398074 2 2 100 53 57 51 50 81 85 87 90 68
Pansy Supnet 0563678327 3 4 89 60 87 70 65 64 54 83 55 91
Sheena Hearston 0579179098 3 3 85 94 99 67 58 60 50 76 76 67
Kayla Ahonen 0573549205 3 9 85 79 52 51 70 73 61 90 68 88
Colton Baxendale 0545019230 4 2 50 78 65 60 77 61 91 63 80 99
Herminia Treherne 0567652928 8 8 57 55 98 65 50 61 67 73 75 64
Marcella Sluder 0524957146 7 7 69 83 58 59 81 68 82 74 90 93
Elissa Preast 0513448224 9 6 51 58 54 59 98 64 69 58 97 62
Hannah Dubill 0526819952 8 9 64 71 86 52 53 91 63 80 63 96
Lady Smaw 0599585105 6 7 73 65 93 52 60 63 89 93 51 94
Deandra Santin 0560328564 2 10 72 57 77 100 86 81 95 73 83 68
Sarai Borland 0553946896 3 4 95 91 96 68 55 96 61 82 97 55
Genesis Stuedemann 0590502393 5 2 62 87 51 59 75 67 88 81 93 73
Aja Heber 0588138184 3 1 59 77 94 91 52 71 54 68 96 70
Carey Mesler 0552032385 7 4 78 64 94 74 100 93 51 60 64 75
Jayna Cliatt 0564191316 2 7 86 93 99 90 70 88 91 63 90 57
Lashawnda Hazel 0565105264 7 3 65 77 62 50 54 77 55 86 62 55
Jimmy Ghibaudy 0587703668 7 6 97 61 71 84 79 96 53 62 94 86
Rudy Jamer 0579163937 10 2 92 84 81 57 69 68 83 71 80 87
Georgene Mayen 0532103264 8 3 70 66 100 90 85 79 54 93 54 57
Mckinley Briner 0560284684 3 1 73 77 54 92 89 68 74 64 77 51
Verdie Dunphe 0524242440 7 1 67 85 51 86 92 50 74 68 75 65
Asa Lassan 0558717798 10 4 96 98 54 86 81 76 94 69 75 75
Inga Oquinn 0572080736 9 1 90 64 55 69 64 75 85 100 62 67
Mana Brindamour 0534820515 5 3 85 69 100 89 59 73 61 62 79 69
Jessi Wenig 0563964342 5 8 93 60 74 61 89 70 64 71 94 72
Angelica Fullard 0558849358 4 3 65 66 74 50 69 76 93 88 80 60
Arletha Aholt 0593107350 10 7 68 73 53 69 51 60 56 60 80 69
Merle Shay 0562429151 11 3 67 77 54 58 67 54 91 65 64 97
Shirlee Burker 0569494723 6 2 85 85 90 71 99 73 58 98 50 56
Corrina Mcfan 0547075176 10 2 77 78 54 96 60 70 72 95 92 50
Lowell Beik 0520173732 4 8 86 97 50 58 65 73 54 88 69 59
Tawny Farland 0513816005 10 2 52 72 63 61 78 92 69 66 58 88
Stacey Falack 0551244566 10 8 90 81 63 79 60 87 62 60 83 86
Cassy Hollin 0572179739 6 1 81 95 52 100 98 62 54 83 71 95
Glady Clarno 0570012400 6 7 52 51 86 96 88 78 78 80 56 55
Retta Christoffer 0540468657 3 2 94 66 79 82 61 97 67 93 57 63
Tula Sulzbach 0557494908 10 8 56 77 59 57 82 69 98 87 93 60
Fredricka Hopf 0543543497 2 10 55 77 70 55 78 58 68 66 63 75
Tosha Lofaso 0580908486 12 10 91 52 91 93 55 76 95 73 85 98
Ellyn Dusky 0557411719 10 6 82 64 76 75 92 77 65 97 61 75
Kimbra Ruehlen 0582223603 11 3 71 52 64 61 62 78 76 66 56 84
Latina Mauer 0587478725 7 5 72 75 98 88 87 72 73 69 78 72
Annette Belone 0531201936 11 8 97 62 93 92 88 58 76 74 72 97
Kenna Schuld 0569529319 6 5 71 56 58 87 87 84 76 91 58 83
Celinda Coty 0515743641 6 10 65 81 58 73 83 89 50 79 58 89
Rea Vargo 0547823893 5 5 51 73 60 93 60 61 76 52 56 55
Isobel Rudnicki 0530134107 4 4 76 99 74 55 83 64 79 53 56 59
Flavia Mauceri 0563878601 4 2 84 81 75 74 91 61 65 70 66 68
Cristobal Liedberg 0549405964 3 7 84 79 99 70 59 98 100 57 64 67
Perry Mumper 0538864061 3 2 74 92 82 94 85 68 69 88 75 58
Shaina Jurasek 0536681241 11 3 84 90 63 53 65 97 93 90 73 89
Son Stoecker 0513348816 1 1 81 67 81 64 93 80 51 60 58 99
Luanna Keszler 0555708280 6 6 66 63 52 70 77 73 71 72 79 59
Somer Bidding 0516025401 9 10 79 79 51 86 57 74 88 59 97 70
Mariette Romiro 0569987538 12 3 57 66 85 95 100 78 53 100 79 76
Belia Sperduti 0582511201 6 1 89 59 64 93 73 79 64 59 71 60
Clarice Calloway 0589389200 4 1 82 88 70 67 63 54 66 88 87 83
Kari Bethoney 0540541658 9 4 65 74 68 71 57 88 100 91 55 60
Rae Carrizales 0591944495 10 5 94 59 62 95 79 74 65 70 72 93
Brandee Fekety 0583352871 9 8 73 71 77 87 64 90 70 50 62 93
Don Armento 0516672493 10 10 55 88 75 60 50 90 96 83 58 73
Vivienne Slowe 0512462407 6 6 87 59 98 66 100 82 96 95 51 100
Allegra Ailts 0518921588 4 8 97 79 93 70 74 70 89 52 84 52
Latonia Elizarraras 0527164805 1 3 55 72 81 59 67 61 60 68 86 85
Michell Bradd 0576289194 10 10 71 94 66 91 57 99 77 54 68 89
Denita Klickman 0588983352 8 5 68 74 87 67 97 64 90 79 59 50
Flora Karen 0510801935 4 8 56 64 96 71 70 53 98 82 51 99
Joseph Kawashima 0524430419 4 5 70 64 100 73 57 88 93 74 60 67
Elaine Sarratt 0558066414 7 1 59 59 66 98 98 79 90 73 75 86
Rubin Knigge 0574684229 12 6 62 75 84 64 72 65 100 66 99 74
Flora Jacobellis 0555540719 8 4 98 57 53 57 56 56 92 78 95 54
Merle Gadsen 0575829933 8 2 85 97 93 69 74 91 58 68 63 62
Julia Lefevre 0550728019 9 4 69 73 61 98 61 50 60 83 93 67
Alejandrina Perr 0566276412 8 9 88 75 82 97 54 67 64 55 92 93
Myra Camareno 0546240665 11 8 85 69 84 90 91 66 77 100 55 75
Arnetta Schwanz 0532630280 12 10 55 55 85 78 55 76 64 69 60 55
Brandy Sperier 0537613048 1 4 100 53 66 81 58 77 52 81 55 77
Pamula Hurtz 0553094703 1 6 92 73 96 64 94 90 77 73 72 74
Ashly Seidl 0511529113 12 3 65 80 100 100 55 94 61 55 70 56
Tanner Birchfield 0572017683 5 2 89 68 94 87 85 80 96 92 72 71
Elisha Dibben 0551962295 12 4 67 54 84 99 94 71 67 90 99 59
Irving Sheroan 0524187785 5 10 68 72 76 69 75 64 95 63 50 83
Tarah Hissam 0533624686 5 1 92 60 56 63 96 89 81 57 78 96
Golden Harpin 0593782039 6 9 95 59 75 96 54 64 57 100 56 100
Glenda Ozier 0547396075 10 2 63 59 62 53 60 80 91 95 76 73
Yael Yalon 0513775484 5 5 97 99 83 62 60 73 71 92 55 62
Rochell Duncanson 0517595634 12 10 51 64 54 60 76 83 74 69 75 75
Moon Yelton 0513490364 12 8 79 66 52 73 98 50 57 82 57 78
Eleanore Fernando 0519750235 4 10 85 87 73 85 83 76 100 89 59 71
Darrell Manna 0564176762 8 7 96 90 67 60 71 87 92 90 90 95
Clarence Sivalia 0599152419 12 3 70 55 78 59 89 91 64 70 80 70
Bruna Interrante 0556755732 7 7 98 99 71 79 55 52 69 60 73 95
Tamatha Mayle 0578689602 7 9 51 88 67 92 63 99 77 84 97 69
Roy Hefel 0544132878 12 10 70 68 82 77 52 61 82 80 84 100
Daria Hollmann 0590708347 6 6 67 87 62 51 70 88 78 65 73 68
Ariane Nindorf 0578380252 12 9 82 75 53 90 50 98 64 94 67 65
Jeanine Carodine 0524482858 6 2 98 82 65 70 90 89 92 51 78 83
Brady Pitkin 0562148145 5 4 99 80 84 86 97 52 100 87 66 59
Nora Tanguma 0512147746 4 5 59 85 79 97 58 66 91 68 60 96
Felicia Rehak 0537794323 2 4 87 98 81 58 53 51 100 54 57 77
Ervin Parsygnat 0531276465 11 10 65 92 71 55 93 94 84 92 66 79
Sabine Mcnew 0545178631 9 2 84 56 94 58 58 92 79 68 98 99
Herta Bethany 0561658926 10 10 99 77 88 59 83 52 65 77 67 62
Annmarie Villaneuva 0548367905 10 6 94 68 77 73 51 68 63 74 68 99
Norman Vanderweide 0582604574 7 7 86 91 71 73 64 96 50 93 65 91
Eleanor Newbound 0547545634 12 2 62 91 56 70 58 100 53 62 84 99
Grazyna Basa 0529816885 11 1 53 58 78 74 82 79 60 97 73 78
Clyde Poggio 0589360664 5 5 70 57 91 94 61 79 94 70 92 60
Vinnie Shumock 0562072141 12 4 52 78 74 60 79 61 100 93 81 74
Rosalinda Mcaleese 0528426182 4 3 85 95 82 60 97 77 84 98 60 96
Forest Mas 0533211230 12 7 71 61 98 99 84 70 62 72 54 68
Lyda Richemond 0574239367 5 8 63 74 75 62 73 61 95 72 81 75
Alessandra Borla 0511928232 2 2 76 84 91 84 61 87 78 78 88 77
Jamie Bookbinder 0592240515 3 7 64 69 69 80 64 58 69 88 84 89
Georgene Meres 0596691244 6 10 55 92 69 94 52 65 94 85 59 61
Kitty Leyson 0514375263 11 9 88 82 97 92 76 81 83 77 61 90
Thurman Binnie 0567156748 4 10 84 92 92 69 90 95 70 59 79 51
Tina Agamao 0525738242 1 9 93 87 67 73 75 83 52 55 89 60
Kitty Backlund 0575985535 5 1 82 80 56 74 90 55 87 57 97 54
Khalilah Spivack 0557674339 1 10 67 88 99 65 78 89 69 72 79 63
Lakiesha Woodington 0576655651 9 2 88 51 52 82 86 65 100 81 54 69
Leonardo Meihofer 0515155266 8 8 79 95 84 63 96 72 64 94 98 92
Elease Nishiguchi 0556885911 1 3 97 70 94 96 64 71 86 58 91 85
Darren Roeser 0583559885 7 10 70 100 83 93 86 50 62 77 50 60
Clarissa Haverfield 0565348266 3 6 61 84 77 77 66 93 84 79 72 59
Karie Mengle 0533849947 10 6 53 57 100 77 95 91 81 85 65 66
Ethelyn Shahan 0584694949 3 6 68 67 57 55 83 84 52 89 100 67
Alycia Lapine 0563191564 6 9 81 96 83 56 66 78 77 59 73 79
Gretta Kaniecki 0538833504 7 10 57 53 98 65 50 74 66 70 67 69
Ivory Ledbetter 0584260076 5 7 91 79 94 99 51 76 98 82 96 69
Laci Orosco 0527794551 12 7 81 61 87 53 57 74 64 80 94 93
Harriet Sievel 0541196850 6 3 60 59 71 59 77 62 51 85 97 52
Gaynelle Dunderman 0574562458 7 4 95 77 85 88 73 80 89 65 57 86
Usha Bailey 0547170704 2 4 82 83 55 72 51 61 77 99 84 53
Carmella Geimer 0540198831 10 7 69 100 99 79 61 63 61 91 60 72
Ahmed Rickerl 0522912703 3 1 73 55 71 73 95 83 100 98 94 87
Cole Rollo 0565970269 10 4 54 54 60 83 64 77 61 91 51 56
Catina Lubman 0548025994 7 3 51 58 58 77 66 67 84 70 90 92
Sharilyn Villella 0537337668 2 6 54 54 90 56 70 59 74 89 67 78
Bennie Mccandlish 0536800364 10 3 60 81 73 60 65 73 55 76 68 73
Synthia Coakley 0585474458 3 3 73 64 84 83 100 77 66 81 54 61
Selina Stratman 0583891813 2 2 52 53 84 98 52 61 83 57 99 78
Marc Montesano 0599309976 5 10 97 79 71 81 91 98 79 61 63 61
Breanna Guardia 0523018103 12 5 77 87 59 57 68 55 85 58 97 65
Carlene Horr 0557694930 10 10 82 71 99 79 93 88 57 60 65 75
Alexia Fried 0511952821 5 4 70 54 72 54 87 100 80 88 70 82
Maryrose Laplume 0586768720 7 6 67 64 83 72 92 78 55 69 56 76
Ava Grieshop 0555362567 4 4 53 56 76 86 56 75 75 73 77 64
Drew Clowdus 0523101526 11 9 70 71 59 100 52 76 88 66 91 89
September Beuerle 0599552803 6 10 52 75 74 59 93 98 82 93 52 66
Blanch Abetrani 0555362548 11 2 89 85 79 66 55 92 77 66 91 87
Telma Huy 0525555386 6 10 87 70 77 55 64 67 66 60 53 62
Alexander Hoeschen 0530377429 6 2 99 62 51 88 71 72 51 66 97 96
Kiley Shankle 0518665835 6 4 95 90 78 51 91 56 100 58 53 64
Angel Rosenbush 0518681662 8 9 51 88 68 61 74 92 89 90 63 57
Hugh Soulier 0575805232 3 5 73 53 78 78 50 58 68 71 95 68
Ty Sabad 0515143468 4 1 97 78 52 98 53 81 99 98 73 69
Hunter Estridge 0585370499 5 4 82 66 87 84 55 92 73 61 51 80
Dee Vartanyan 0584330161 1 2 98 50 57 50 79 57 96 75 54 56
Hsiu Szufat 0556473579 2 1 73 52 68 73 85 96 91 59 71 90
Jeannine Stakelin 0592679765 8 10 94 54 78 78 67 57 98 79 53 92
Gertie Vidulich 0526971292 10 9 75 84 71 83 63 61 84 82 81 51
Freeman Badami 0537018638 12 4 99 67 51 98 76 51 62 63 78 97
Gabriel Terinoni 0524154959 7 6 70 84 86 86 52 65 86 76 94 99
Diann Concepion 0564775952 4 10 96 97 96 74 71 56 77 66 59 57
Yvone Bridgett 0538638243 12 10 93 72 70 86 52 62 61 86 56 84
Felecia Devel 0514698760 10 7 92 72 66 71 54 58 67 95 95 61
Bianca Vandermolen 0589933526 9 9 75 89 83 79 64 90 97 73 89 74
Ward Blend 0569702292 9 8 57 83 57 89 77 90 75 82 59 83
Marcellus Spainhour 0545014647 1 10 62 57 94 79 83 70 64 95 94 51
Frieda Markee 0525097445 3 5 69 69 87 64 99 55 70 87 79 63
Rey Trott 0586095816 2 1 76 86 53 92 75 63 79 59 73 51
Camie Lichliter 0558832681 8 6 77 59 90 95 91 84 98 78 82 98
Ha Heumann 0531430951 11 4 78 73 65 71 87 93 92 89 81 98
Lisette Poalino 0580645652 4 9 55 74 87 78 55 71 86 78 86 68
Latrice Plaut 0588772506 8 6 95 87 79 85 54 59 93 95 91 55
Verdell Massingill 0529296613 11 3 96 80 81 83 83 82 85 76 87 99
Frederick Crumedy 0545467558 5 4 73 83 67 97 78 51 89 93 52 100
Un Skibicki 0523171489 7 4 51 88 56 62 54 54 79 65 85 95
Felicita Castello 0570763074 8 1 71 72 95 63 95 63 100 90 86 95
Trudy Cronkite 0589804069 9 4 87 91 77 88 60 64 77 78 59 61
Derek Rodar 0527800714 12 10 70 69 86 86 80 95 97 67 90 95
Isidra Mckiver 0530044905 2 5 85 89 67 73 72 94 55 59 93 73
Elke Risbeck 0517227611 9 1 77 62 56 100 87 81 76 83 78 51
Mamie Aluqdah 0532913497 7 4 70 90 90 91 63 56 57 97 50 96
Ellyn Demartini 0582408011 6 10 79 56 73 90 61 51 97 79 59 85
Fe Mongeon 0572213267 5 9 94 65 80 59 81 79 73 72 67 69
Christiana Pickler 0578504219 12 8 59 55 98 97 55 96 78 90 90 66
Velva Karo 0530838333 4 8 75 67 50 52 50 92 85 89 71 95
Jenine Dambrosi 0557817199 6 6 99 72 59 59 68 90 80 85 74 75
Chrystal Ballam 0558594493 2 7 86 93 83 83 77 64 74 76 86 61
Illa Laquay 0585121544 2 5 84 95 86 59 79 87 53 75 93 73
Sarah Mundwiller 0565972180 4 8 64 67 57 90 87 55 82 74 78 57
Robby Cookerly 0546966795 8 5 68 73 55 71 98 55 50 73 61 72
Kasandra Bucio 0540847769 6 6 78 78 93 62 74 60 76 68 96 64
Angelia Lovelace 0585807597 5 9 88 80 91 89 67 61 56 50 90 84
Karri Petrucco 0526791737 1 8 84 84 67 51 83 84 91 85 61 59
Cindy Notowitz 0554996360 1 5 51 54 72 56 56 93 68 58 95 63
Estella Sabates 0556487482 11 10 91 81 77 53 68 70 91 60 64 92
Shiloh Violett 0589268701 1 3 73 100 81 67 68 57 76 100 50 55
Patty Petite 0554286422 7 10 66 62 93 68 99 64 84 58 76 55
Zina Eckols 0546753612 6 6 50 65 75 68 81 85 86 73 86 84
Maragret Frieling 0528339781 1 5 94 76 77 52 75 88 55 77 58 78
Maryanne Svec 0535813683 1 9 78 81 88 83 62 94 77 93 83 57
Otelia Tease 0549926574 8 8 84 67 96 97 97 58 56 70 50 96
Myles Nagelkirk 0513335119 9 9 56 92 51 71 79 92 83 95 78 61
Tammara Cardell 0562608298 8 2 53 72 83 65 57 74 60 89 67 96
Jeffry Glathar 0580172354 5 4 68 75 68 67 94 89 80 55 82 92
Gudrun Barber 0545564991 8 1 81 50 93 87 55 97 95 52 51 88
Sherika Hain 0521196759 10 8 77 98 70 53 51 84 74 93 53 82
Darline Tomblin 0511200346 3 3 53 72 62 78 65 80 63 89 92 92
Tamala Dicosmo 0575245626 10 9 92 62 94 76 89 67 70 87 73 96
Stefany Morino 0584828670 9 2 57 92 62 55 63 57 69 93 78 85
Danny Cerney 0512348837 2 10 74 53 98 60 71 84 80 59 90 50
Mui Overweg 0576401394 2 3 71 89 69 99 50 76 85 84 91 76
Adam Matturro 0566714826 3 8 77 62 93 71 72 82 60 89 98 92
Sari Grotz 0545443048 7 5 54 69 87 70 92 65 55 67 66 59
Toccara Jaret 0594673172 8 10 96 94 72 84 98 84 75 73 60 98
Francoise Makela 0521807813 1 1 50 68 54 94 57 74 81 63 94 74
Garland Keglovic 0589207114 12 2 92 97 90 95 61 54 77 82 74 79
Teressa Haitz 0558463842 6 6 79 88 52 77 87 52 66 68 69 84
Dinah Horchler 0581388165 6 10 65 51 99 77 62 98 84 65 65 78
Cecille Demoss 0518293800 6 5 99 50 76 70 77 90 91 84 95 86
Rossie Smietana 0585999500 2 1 89 90 71 58 74 98 78 97 55 93
Marlyn Lysaght 0521305479 4 1 79 69 82 90 72 52 54 90 50 87
Freeman Hoeper 0564173701 5 9 79 91 85 75 71 64 50 89 81 100
Marcell Tenn 0570997692 7 8 71 58 63 83 100 56 97 75 73 66
Bethel Wagster 0551583273 12 8 99 91 55 82 51 74 85 51 68 80
Ava Morie 0592477207 12 9 92 60 57 52 98 89 96 73 73 64
Milford Tirone 0590636959 9 6 86 68 54 68 100 98 75 77 73 88
Marquerite Hoogendoorn 0524328178 5 8 67 51 86 65 56 82 70 50 84 75
Suzan Skalsky 0595097349 12 3 60 58 93 70 64 52 55 86 70 59
Julieta Caro 0568676498 3 6 88 64 84 94 73 99 54 59 58 98
Debbie Pirner 0526304498 3 8 60 80 87 84 54 60 90 99 51 74
Altagracia Bodah 0591034976 7 8 78 81 53 100 93 80 68 58 68 92
Winter Prybylski 0549755762 6 7 95 56 80 84 54 96 65 51 86 56
Delena Sprow 0555142579 4 8 72 72 83 84 86 89 92 90 83 77
Elvin Huizenga 0584155769 7 4 55 57 52 56 78 84 63 50 52 75
Barrett Ardaly 0534060662 4 8 53 66 74 100 83 61 69 83 68 87
Carleen Rudisail 0592889933 2 8 66 88 75 96 59 60 90 83 55 50
Lucille Ochocki 0530697752 12 4 60 100 66 68 85 69 100 97 73 66
Gaston Kopko 0548440745 2 2 71 98 60 79 97 91 59 75 97 56
Gaynell Stachniw 0567208901 3 10 77 93 56 93 79 87 74 72 64 78
Maude Balson 0533636372 2 9 61 91 63 82 94 72 89 55 94 85
Emil Holleman 0567981561 10 6 75 73 88 81 55 60 58 91 86 95
Terri Blocklinger 0568282320 1 2 98 83 65 86 74 60 61 84 95 52
Bernadine Jui 0547929605 4 3 52 66 92 70 90 97 51 82 62 81
Randell Peed 0524970576 3 5 63 91 87 83 95 88 55 70 84 93
Hilton Mikel 0592199552 3 2 69 88 51 63 73 68 91 59 65 97
Elizbeth Vuillemot 0578457993 7 4 89 78 68 71 76 80 72 96 69 58
Jacinda Moh 0557380503 6 9 97 61 98 71 58 66 62 64 85 56
Kyle Roswell 0519269730 12 1 70 53 51 99 96 70 75 74 58 55
Abe Preisach 0582855882 8 2 53 65 90 87 95 94 50 74 55 92
Johnathan Stockner 0545379966 1 6 72 83 93 62 59 96 62 50 54 65
Jolene Marshalek 0552765782 3 7 97 93 99 59 87 85 75 59 56 78
Nathalie Edgcomb 0574886901 3 1 71 94 71 83 70 78 81 53 92 88
Roseann Mcpadden 0578677569 7 7 65 62 84 88 81 57 95 98 59 82
Alda Hochnadel 0591040469 11 7 62 74 66 72 100 99 81 78 80 82
Maria Fritzinger 0562168631 2 6 54 89 71 94 61 97 51 68 93 78
Martha Thurgood 0530428687 12 1 54 83 55 96 69 88 72 59 64 86
Taryn Vankoten 0546976688 3 6 64 73 98 77 56 79 88 95 95 65
Amina Margulies 0560493091 7 7 85 89 73 79 50 98 54 75 100 51
Zachery Sirk 0557056995 4 10 81 51 87 65 83 56 93 61 60 99
Robt Swick 0534603381 1 1 59 59 95 100 78 81 95 75 53 66
Mazie Vandersteen 0595586553 8 7 91 100 62 68 96 85 85 54 100 68
Georgetta Mentkowski 0543753699 4 8 93 62 96 65 87 79 55 93 63 94
Amber Berning 0562793748 8 1 55 92 83 86 99 98 89 85 72 93
Mireya Wiechec 0535581525 1 4 74 83 87 87 91 95 71 83 97 71
Antonina Mussmann 0548535691 7 2 94 53 94 51 89 88 69 65 79 68
Exie Hambrecht 0511426847 9 9 84 66 79 62 93 73 99 94 56 63
Esmeralda Grauer 0587362241 5 9 94 82 61 83 99 66 69 89 73 95
Pearlie Dent 0588690658 1 5 90 78 61 92 54 63 86 72 87 64
Milan Giusto 0563275744 3 6 55 71 69 62 94 85 100 71 81 85
Kamala Hinger 0567390617 6 6 56 52 65 55 74 57 87 63 80 73
Lorene Dirickson 0535367549 11 1 54 67 83 94 96 93 94 50 85 57
Ailene Santaella 0597456206 6 9 73 50 67 80 87 63 87 96 69 68
Ocie Gengler 0541409169 7 2 51 83 91 96 97 58 76 90 64 56
Devona Busse 0511943384 4 4 86 60 99 97 99 95 54 95 97 60
Fermin Caspary 0580931891 6 5 68 55 87 78 74 58 59 67 93 82
Rozella Roseboom 0532989578 2 2 71 63 62 82 72 91 79 82 89 90
Veta Bardsley 0556499532 4 2 54 64 89 91 75 97 100 75 61 72
Earlene Tebeau 0531108017 7 3 96 55 81 78 58 68 58 58 75 78
Corrin Jayo 0592246722 8 5 93 61 63 60 52 65 99 57 70 69
Gerda Wunder 0529091610 11 10 59 71 82 70 86 55 96 54 67 98
Jerry Waltmann 0557077142 8 4 66 52 95 92 60 93 74 78 75 98
Daysi Martischnig 0574239060 3 8 62 70 73 99 96 69 96 55 85 51
Thurman Kahawai 0520120095 6 7 53 70 75 75 90 54 71 56 83 67